2019/07/29-00:19:46.077152 7f4e10992a80 RocksDB version: 6.2.0
2019/07/29-00:19:46.077215 7f4e10992a80 Git sha rocksdb_build_git_sha:0be1feec216cfdbc1c8feab95c88dad2eefab3df
2019/07/29-00:19:46.077217 7f4e10992a80 Compile date Jul 22 2019
2019/07/29-00:19:46.077219 7f4e10992a80 DB SUMMARY
2019/07/29-00:19:46.077245 7f4e10992a80 CURRENT file:  CURRENT
2019/07/29-00:19:46.077247 7f4e10992a80 IDENTITY file:  IDENTITY
2019/07/29-00:19:46.077250 7f4e10992a80 MANIFEST file:  MANIFEST-000001 size: 13 Bytes
2019/07/29-00:19:46.077251 7f4e10992a80 SST files in data dir, Total Num: 0, files: 
2019/07/29-00:19:46.077253 7f4e10992a80 Write Ahead Log file in data: 000003.log size: 0 ; 
2019/07/29-00:19:46.077254 7f4e10992a80                         Options.error_if_exists: 0
2019/07/29-00:19:46.077255 7f4e10992a80                       Options.create_if_missing: 1
2019/07/29-00:19:46.077256 7f4e10992a80                         Options.paranoid_checks: 1
2019/07/29-00:19:46.077257 7f4e10992a80                                     Options.env: 0x1697aa0
2019/07/29-00:19:46.077259 7f4e10992a80                                Options.info_log: 0x2d36eb0
2019/07/29-00:19:46.077260 7f4e10992a80                Options.max_file_opening_threads: 16
2019/07/29-00:19:46.077261 7f4e10992a80                              Options.statistics: (nil)
2019/07/29-00:19:46.077262 7f4e10992a80                               Options.use_fsync: 0
2019/07/29-00:19:46.077263 7f4e10992a80                       Options.max_log_file_size: 0
2019/07/29-00:19:46.077264 7f4e10992a80                  Options.max_manifest_file_size: 1073741824
2019/07/29-00:19:46.077265 7f4e10992a80                   Options.log_file_time_to_roll: 0
2019/07/29-00:19:46.077266 7f4e10992a80                       Options.keep_log_file_num: 1000
2019/07/29-00:19:46.077268 7f4e10992a80                    Options.recycle_log_file_num: 0
2019/07/29-00:19:46.077269 7f4e10992a80                         Options.allow_fallocate: 1
2019/07/29-00:19:46.077270 7f4e10992a80                        Options.allow_mmap_reads: 0
2019/07/29-00:19:46.077271 7f4e10992a80                       Options.allow_mmap_writes: 0
2019/07/29-00:19:46.077272 7f4e10992a80                        Options.use_direct_reads: 0
2019/07/29-00:19:46.077273 7f4e10992a80                        Options.use_direct_io_for_flush_and_compaction: 0
2019/07/29-00:19:46.077274 7f4e10992a80          Options.create_missing_column_families: 0
2019/07/29-00:19:46.077275 7f4e10992a80                              Options.db_log_dir: 
2019/07/29-00:19:46.077277 7f4e10992a80                                 Options.wal_dir: data
2019/07/29-00:19:46.077278 7f4e10992a80                Options.table_cache_numshardbits: 6
2019/07/29-00:19:46.077279 7f4e10992a80                      Options.max_subcompactions: 1
2019/07/29-00:19:46.077280 7f4e10992a80                  Options.max_background_flushes: -1
2019/07/29-00:19:46.077281 7f4e10992a80                         Options.WAL_ttl_seconds: 0
2019/07/29-00:19:46.077282 7f4e10992a80                       Options.WAL_size_limit_MB: 0
2019/07/29-00:19:46.077283 7f4e10992a80             Options.manifest_preallocation_size: 4194304
2019/07/29-00:19:46.077284 7f4e10992a80                     Options.is_fd_close_on_exec: 1
2019/07/29-00:19:46.077285 7f4e10992a80                   Options.advise_random_on_open: 1
2019/07/29-00:19:46.077286 7f4e10992a80                    Options.db_write_buffer_size: 0
2019/07/29-00:19:46.077287 7f4e10992a80                    Options.write_buffer_manager: 0x2d38340
2019/07/29-00:19:46.077289 7f4e10992a80         Options.access_hint_on_compaction_start: 1
2019/07/29-00:19:46.077290 7f4e10992a80  Options.new_table_reader_for_compaction_inputs: 0
2019/07/29-00:19:46.077291 7f4e10992a80           Options.random_access_max_buffer_size: 1048576
2019/07/29-00:19:46.077292 7f4e10992a80                      Options.use_adaptive_mutex: 0
2019/07/29-00:19:46.077293 7f4e10992a80                            Options.rate_limiter: (nil)
2019/07/29-00:19:46.077295 7f4e10992a80     Options.sst_file_manager.rate_bytes_per_sec: 0
2019/07/29-00:19:46.077296 7f4e10992a80                       Options.wal_recovery_mode: 2
2019/07/29-00:19:46.077310 7f4e10992a80                  Options.enable_thread_tracking: 0
2019/07/29-00:19:46.077311 7f4e10992a80                  Options.enable_pipelined_write: 0
2019/07/29-00:19:46.077312 7f4e10992a80                  Options.unordered_write: 0
2019/07/29-00:19:46.077313 7f4e10992a80         Options.allow_concurrent_memtable_write: 1
2019/07/29-00:19:46.077314 7f4e10992a80      Options.enable_write_thread_adaptive_yield: 1
2019/07/29-00:19:46.077315 7f4e10992a80             Options.write_thread_max_yield_usec: 100
2019/07/29-00:19:46.077316 7f4e10992a80            Options.write_thread_slow_yield_usec: 3
2019/07/29-00:19:46.077317 7f4e10992a80                               Options.row_cache: None
2019/07/29-00:19:46.077318 7f4e10992a80                              Options.wal_filter: None
2019/07/29-00:19:46.077319 7f4e10992a80             Options.avoid_flush_during_recovery: 0
2019/07/29-00:19:46.077320 7f4e10992a80             Options.allow_ingest_behind: 0
2019/07/29-00:19:46.077321 7f4e10992a80             Options.preserve_deletes: 0
2019/07/29-00:19:46.077323 7f4e10992a80             Options.two_write_queues: 0
2019/07/29-00:19:46.077324 7f4e10992a80             Options.manual_wal_flush: 0
2019/07/29-00:19:46.077325 7f4e10992a80             Options.atomic_flush: 0
2019/07/29-00:19:46.077326 7f4e10992a80             Options.avoid_unnecessary_blocking_io: 0
2019/07/29-00:19:46.077327 7f4e10992a80                 Options.persist_stats_to_disk: 0
2019/07/29-00:19:46.077328 7f4e10992a80                 Options.log_readahead_size: 0
2019/07/29-00:19:46.077329 7f4e10992a80             Options.max_background_jobs: 2
2019/07/29-00:19:46.077330 7f4e10992a80             Options.max_background_compactions: -1
2019/07/29-00:19:46.077331 7f4e10992a80             Options.avoid_flush_during_shutdown: 0
2019/07/29-00:19:46.077332 7f4e10992a80           Options.writable_file_max_buffer_size: 1048576
2019/07/29-00:19:46.077333 7f4e10992a80             Options.delayed_write_rate : 16777216
2019/07/29-00:19:46.077334 7f4e10992a80             Options.max_total_wal_size: 0
2019/07/29-00:19:46.077335 7f4e10992a80             Options.delete_obsolete_files_period_micros: 21600000000
2019/07/29-00:19:46.077336 7f4e10992a80                   Options.stats_dump_period_sec: 600
2019/07/29-00:19:46.077337 7f4e10992a80                 Options.stats_persist_period_sec: 600
2019/07/29-00:19:46.077338 7f4e10992a80                 Options.stats_history_buffer_size: 1048576
2019/07/29-00:19:46.077339 7f4e10992a80                          Options.max_open_files: -1
2019/07/29-00:19:46.077340 7f4e10992a80                          Options.bytes_per_sync: 0
2019/07/29-00:19:46.077341 7f4e10992a80                      Options.wal_bytes_per_sync: 0
2019/07/29-00:19:46.077343 7f4e10992a80                   Options.strict_bytes_per_sync: 0
2019/07/29-00:19:46.077344 7f4e10992a80       Options.compaction_readahead_size: 0
2019/07/29-00:19:46.077345 7f4e10992a80 Compression algorithms supported:
2019/07/29-00:19:46.077346 7f4e10992a80 	kZSTDNotFinalCompression supported: 1
2019/07/29-00:19:46.077349 7f4e10992a80 	kZSTD supported: 1
2019/07/29-00:19:46.077351 7f4e10992a80 	kXpressCompression supported: 0
2019/07/29-00:19:46.077352 7f4e10992a80 	kLZ4HCCompression supported: 1
2019/07/29-00:19:46.077353 7f4e10992a80 	kLZ4Compression supported: 1
2019/07/29-00:19:46.077354 7f4e10992a80 	kBZip2Compression supported: 1
2019/07/29-00:19:46.077354 7f4e10992a80 	kZlibCompression supported: 1
2019/07/29-00:19:46.077355 7f4e10992a80 	kSnappyCompression supported: 1
2019/07/29-00:19:46.077357 7f4e10992a80 Fast CRC32 supported: Supported on x86
2019/07/29-00:19:46.077512 7f4e10992a80 [rsion_set.cc:4259] Recovering from manifest file: data/MANIFEST-000001
2019/07/29-00:19:46.077555 7f4e10992a80 [lumn_family.cc:481] --------------- Options for column family [default]:
2019/07/29-00:19:46.077558 7f4e10992a80               Options.comparator: leveldb.BytewiseComparator
2019/07/29-00:19:46.077559 7f4e10992a80           Options.merge_operator: None
2019/07/29-00:19:46.077568 7f4e10992a80        Options.compaction_filter: None
2019/07/29-00:19:46.077570 7f4e10992a80        Options.compaction_filter_factory: None
2019/07/29-00:19:46.077571 7f4e10992a80         Options.memtable_factory: SkipListFactory
2019/07/29-00:19:46.077572 7f4e10992a80            Options.table_factory: BlockBasedTable
2019/07/29-00:19:46.077600 7f4e10992a80            table_factory options:   flush_block_policy_factory: FlushBlockBySizePolicyFactory (0x2d387f0)
  cache_index_and_filter_blocks: 0
  cache_index_and_filter_blocks_with_high_priority: 1
  pin_l0_filter_and_index_blocks_in_cache: 0
  pin_top_level_index_and_filter: 1
  index_type: 0
  data_block_index_type: 0
  index_shortening: 1
  data_block_hash_table_util_ratio: 0.750000
  hash_index_allow_collision: 1
  checksum: 1
  no_block_cache: 0
  block_cache: 0x2d2f130
  block_cache_name: LRUCache
  block_cache_options:
    capacity : 3221225472
    num_shard_bits : 6
    strict_capacity_limit : 0
    memory_allocator : None
    high_pri_pool_ratio: 0.500
  block_cache_compressed: (nil)
  persistent_cache: (nil)
  block_size: 4096
  block_size_deviation: 10
  block_restart_interval: 16
  index_block_restart_interval: 1
  metadata_block_size: 4096
  partition_filters: 0
  use_delta_encoding: 1
  filter_policy: nullptr
  whole_key_filtering: 1
  verify_compression: 0
  read_amp_bytes_per_bit: 0
  format_version: 2
  enable_index_compression: 1
  block_align: 0
2019/07/29-00:19:46.077609 7f4e10992a80        Options.write_buffer_size: 67108864
2019/07/29-00:19:46.077610 7f4e10992a80  Options.max_write_buffer_number: 2
2019/07/29-00:19:46.077612 7f4e10992a80          Options.compression: Snappy
2019/07/29-00:19:46.077613 7f4e10992a80                  Options.bottommost_compression: Disabled
2019/07/29-00:19:46.077614 7f4e10992a80       Options.prefix_extractor: nullptr
2019/07/29-00:19:46.077616 7f4e10992a80   Options.memtable_insert_with_hint_prefix_extractor: nullptr
2019/07/29-00:19:46.077617 7f4e10992a80             Options.num_levels: 7
2019/07/29-00:19:46.077618 7f4e10992a80        Options.min_write_buffer_number_to_merge: 1
2019/07/29-00:19:46.077619 7f4e10992a80     Options.max_write_buffer_number_to_maintain: 0
2019/07/29-00:19:46.077621 7f4e10992a80            Options.bottommost_compression_opts.window_bits: -14
2019/07/29-00:19:46.077622 7f4e10992a80                  Options.bottommost_compression_opts.level: 32767
2019/07/29-00:19:46.077623 7f4e10992a80               Options.bottommost_compression_opts.strategy: 0
2019/07/29-00:19:46.077624 7f4e10992a80         Options.bottommost_compression_opts.max_dict_bytes: 0
2019/07/29-00:19:46.077625 7f4e10992a80         Options.bottommost_compression_opts.zstd_max_train_bytes: 0
2019/07/29-00:19:46.077627 7f4e10992a80                  Options.bottommost_compression_opts.enabled: false
2019/07/29-00:19:46.077628 7f4e10992a80            Options.compression_opts.window_bits: -14
2019/07/29-00:19:46.077629 7f4e10992a80                  Options.compression_opts.level: 32767
2019/07/29-00:19:46.077631 7f4e10992a80               Options.compression_opts.strategy: 0
2019/07/29-00:19:46.077632 7f4e10992a80         Options.compression_opts.max_dict_bytes: 0
2019/07/29-00:19:46.077633 7f4e10992a80         Options.compression_opts.zstd_max_train_bytes: 0
2019/07/29-00:19:46.077634 7f4e10992a80                  Options.compression_opts.enabled: false
2019/07/29-00:19:46.077635 7f4e10992a80      Options.level0_file_num_compaction_trigger: 4
2019/07/29-00:19:46.077637 7f4e10992a80          Options.level0_slowdown_writes_trigger: 20
2019/07/29-00:19:46.077638 7f4e10992a80              Options.level0_stop_writes_trigger: 36
2019/07/29-00:19:46.077639 7f4e10992a80                   Options.target_file_size_base: 67108864
2019/07/29-00:19:46.077640 7f4e10992a80             Options.target_file_size_multiplier: 1
2019/07/29-00:19:46.077641 7f4e10992a80                Options.max_bytes_for_level_base: 268435456
2019/07/29-00:19:46.077643 7f4e10992a80                      Options.snap_refresh_nanos: 100000000
2019/07/29-00:19:46.077651 7f4e10992a80 Options.level_compaction_dynamic_level_bytes: 0
2019/07/29-00:19:46.077652 7f4e10992a80          Options.max_bytes_for_level_multiplier: 10.000000
2019/07/29-00:19:46.077655 7f4e10992a80 Options.max_bytes_for_level_multiplier_addtl[0]: 1
2019/07/29-00:19:46.077656 7f4e10992a80 Options.max_bytes_for_level_multiplier_addtl[1]: 1
2019/07/29-00:19:46.077657 7f4e10992a80 Options.max_bytes_for_level_multiplier_addtl[2]: 1
2019/07/29-00:19:46.077658 7f4e10992a80 Options.max_bytes_for_level_multiplier_addtl[3]: 1
2019/07/29-00:19:46.077659 7f4e10992a80 Options.max_bytes_for_level_multiplier_addtl[4]: 1
2019/07/29-00:19:46.077660 7f4e10992a80 Options.max_bytes_for_level_multiplier_addtl[5]: 1
2019/07/29-00:19:46.077661 7f4e10992a80 Options.max_bytes_for_level_multiplier_addtl[6]: 1
2019/07/29-00:19:46.077662 7f4e10992a80       Options.max_sequential_skip_in_iterations: 8
2019/07/29-00:19:46.077663 7f4e10992a80                    Options.max_compaction_bytes: 1677721600
2019/07/29-00:19:46.077664 7f4e10992a80                        Options.arena_block_size: 8388608
2019/07/29-00:19:46.077665 7f4e10992a80   Options.soft_pending_compaction_bytes_limit: 68719476736
2019/07/29-00:19:46.077667 7f4e10992a80   Options.hard_pending_compaction_bytes_limit: 274877906944
2019/07/29-00:19:46.077668 7f4e10992a80       Options.rate_limit_delay_max_milliseconds: 100
2019/07/29-00:19:46.077669 7f4e10992a80                Options.disable_auto_compactions: 0
2019/07/29-00:19:46.077671 7f4e10992a80                        Options.compaction_style: kCompactionStyleLevel
2019/07/29-00:19:46.077673 7f4e10992a80                          Options.compaction_pri: kMinOverlappingRatio
2019/07/29-00:19:46.077674 7f4e10992a80 Options.compaction_options_universal.size_ratio: 1
2019/07/29-00:19:46.077675 7f4e10992a80 Options.compaction_options_universal.min_merge_width: 2
2019/07/29-00:19:46.077676 7f4e10992a80 Options.compaction_options_universal.max_merge_width: 4294967295
2019/07/29-00:19:46.077677 7f4e10992a80 Options.compaction_options_universal.max_size_amplification_percent: 200
2019/07/29-00:19:46.077679 7f4e10992a80 Options.compaction_options_universal.compression_size_percent: -1
2019/07/29-00:19:46.077680 7f4e10992a80 Options.compaction_options_universal.stop_style: kCompactionStopStyleTotalSize
2019/07/29-00:19:46.077681 7f4e10992a80 Options.compaction_options_fifo.max_table_files_size: 1073741824
2019/07/29-00:19:46.077682 7f4e10992a80 Options.compaction_options_fifo.allow_compaction: 0
2019/07/29-00:19:46.077683 7f4e10992a80                   Options.table_properties_collectors: 
2019/07/29-00:19:46.077684 7f4e10992a80                   Options.inplace_update_support: 0
2019/07/29-00:19:46.077685 7f4e10992a80                 Options.inplace_update_num_locks: 10000
2019/07/29-00:19:46.077687 7f4e10992a80               Options.memtable_prefix_bloom_size_ratio: 0.000000
2019/07/29-00:19:46.077688 7f4e10992a80               Options.memtable_whole_key_filtering: 0
2019/07/29-00:19:46.077690 7f4e10992a80   Options.memtable_huge_page_size: 0
2019/07/29-00:19:46.077691 7f4e10992a80                           Options.bloom_locality: 0
2019/07/29-00:19:46.077692 7f4e10992a80                    Options.max_successive_merges: 0
2019/07/29-00:19:46.077693 7f4e10992a80                Options.optimize_filters_for_hits: 0
2019/07/29-00:19:46.077694 7f4e10992a80                Options.paranoid_file_checks: 0
2019/07/29-00:19:46.077695 7f4e10992a80                Options.force_consistency_checks: 0
2019/07/29-00:19:46.077696 7f4e10992a80                Options.report_bg_io_stats: 0
2019/07/29-00:19:46.077697 7f4e10992a80                               Options.ttl: 0
2019/07/29-00:19:46.077698 7f4e10992a80          Options.periodic_compaction_seconds: 0
2019/07/29-00:19:46.078404 7f4e10992a80 [rsion_set.cc:4419] Recovered from manifest file:data/MANIFEST-000001 succeeded,manifest_file_number is 1, next_file_number is 3, last_sequence is 0, log_number is 0,prev_log_number is 0,max_column_family is 0,min_log_number_to_keep is 0
2019/07/29-00:19:46.078428 7f4e10992a80 [rsion_set.cc:4428] Column family [default] (ID 0), log number is 0
2019/07/29-00:19:46.078480 7f4e10992a80 EVENT_LOG_v1 {"time_micros": 1564334386078475, "job": 1, "event": "recovery_started", "log_files": [3]}
2019/07/29-00:19:46.078483 7f4e10992a80 [_impl/db_impl_open.cc:695] Recovering log #3 mode 2
2019/07/29-00:19:46.078594 7f4e10992a80 [rsion_set.cc:3668] Creating manifest 5
2019/07/29-00:19:46.080654 7f4e10992a80 EVENT_LOG_v1 {"time_micros": 1564334386080653, "job": 1, "event": "recovery_finished"}
2019/07/29-00:19:46.082627 7f4e10992a80 DB pointer 0x2d38850
2019/07/29-00:19:46.082762 7f4de0ff9700 [_impl/db_impl.cc:851] ------- DUMPING STATS -------
2019/07/29-00:19:46.082779 7f4de0ff9700 [_impl/db_impl.cc:852] 
** DB Stats **
Uptime(secs): 0.0 total, 0.0 interval
Cumulative writes: 0 writes, 0 keys, 0 commit groups, 0.0 writes per commit group, ingest: 0.00 GB, 0.00 MB/s
Cumulative WAL: 0 writes, 0 syncs, 0.00 writes per sync, written: 0.00 GB, 0.00 MB/s
Cumulative stall: 00:00:0.000 H:M:S, 0.0 percent
Interval writes: 0 writes, 0 keys, 0 commit groups, 0.0 writes per commit group, ingest: 0.00 MB, 0.00 MB/s
Interval WAL: 0 writes, 0 syncs, 0.00 writes per sync, written: 0.00 MB, 0.00 MB/s
Interval stall: 00:00:0.000 H:M:S, 0.0 percent

** Compaction Stats [default] **
Level    Files   Size     Score Read(GB)  Rn(GB) Rnp1(GB) Write(GB) Wnew(GB) Moved(GB) W-Amp Rd(MB/s) Wr(MB/s) Comp(sec) CompMergeCPU(sec) Comp(cnt) Avg(sec) KeyIn KeyDrop
----------------------------------------------------------------------------------------------------------------------------------------------------------------------------
 Sum      0/0    0.00 KB   0.0      0.0     0.0      0.0       0.0      0.0       0.0   0.0      0.0      0.0      0.00              0.00         0    0.000       0      0
 Int      0/0    0.00 KB   0.0      0.0     0.0      0.0       0.0      0.0       0.0   0.0      0.0      0.0      0.00              0.00         0    0.000       0      0

** Compaction Stats [default] **
Priority    Files   Size     Score Read(GB)  Rn(GB) Rnp1(GB) Write(GB) Wnew(GB) Moved(GB) W-Amp Rd(MB/s) Wr(MB/s) Comp(sec) CompMergeCPU(sec) Comp(cnt) Avg(sec) KeyIn KeyDrop
-------------------------------------------------------------------------------------------------------------------------------------------------------------------------------
Uptime(secs): 0.0 total, 0.0 interval
Flush(GB): cumulative 0.000, interval 0.000
AddFile(GB): cumulative 0.000, interval 0.000
AddFile(Total Files): cumulative 0, interval 0
AddFile(L0 Files): cumulative 0, interval 0
AddFile(Keys): cumulative 0, interval 0
Cumulative compaction: 0.00 GB write, 0.00 MB/s write, 0.00 GB read, 0.00 MB/s read, 0.0 seconds
Interval compaction: 0.00 GB write, 0.00 MB/s write, 0.00 GB read, 0.00 MB/s read, 0.0 seconds
Stalls(count): 0 level0_slowdown, 0 level0_slowdown_with_compaction, 0 level0_numfiles, 0 level0_numfiles_with_compaction, 0 stop for pending_compaction_bytes, 0 slowdown for pending_compaction_bytes, 0 memtable_compaction, 0 memtable_slowdown, interval 0 total count

** File Read Latency Histogram By Level [default] **

** Compaction Stats [default] **
Level    Files   Size     Score Read(GB)  Rn(GB) Rnp1(GB) Write(GB) Wnew(GB) Moved(GB) W-Amp Rd(MB/s) Wr(MB/s) Comp(sec) CompMergeCPU(sec) Comp(cnt) Avg(sec) KeyIn KeyDrop
----------------------------------------------------------------------------------------------------------------------------------------------------------------------------
 Sum      0/0    0.00 KB   0.0      0.0     0.0      0.0       0.0      0.0       0.0   0.0      0.0      0.0      0.00              0.00         0    0.000       0      0
 Int      0/0    0.00 KB   0.0      0.0     0.0      0.0       0.0      0.0       0.0   0.0      0.0      0.0      0.00              0.00         0    0.000       0      0

** Compaction Stats [default] **
Priority    Files   Size     Score Read(GB)  Rn(GB) Rnp1(GB) Write(GB) Wnew(GB) Moved(GB) W-Amp Rd(MB/s) Wr(MB/s) Comp(sec) CompMergeCPU(sec) Comp(cnt) Avg(sec) KeyIn KeyDrop
-------------------------------------------------------------------------------------------------------------------------------------------------------------------------------
Uptime(secs): 0.0 total, 0.0 interval
Flush(GB): cumulative 0.000, interval 0.000
AddFile(GB): cumulative 0.000, interval 0.000
AddFile(Total Files): cumulative 0, interval 0
AddFile(L0 Files): cumulative 0, interval 0
AddFile(Keys): cumulative 0, interval 0
Cumulative compaction: 0.00 GB write, 0.00 MB/s write, 0.00 GB read, 0.00 MB/s read, 0.0 seconds
Interval compaction: 0.00 GB write, 0.00 MB/s write, 0.00 G